
0,0.13120022
1,0.18770944399999998
2,0.198830235
3,0.186201594
4,0.068883486
5,0.096335152
6,0.041331803
7,0.112687575
8,0.043582672999999995
9,0.034440975
10,0.074256382
11,0.069560079
12,0.054720776
13,0.155916743
14,0.031799514
15,0.039596716000000004
16,0.057301437999999996
17,0.085096036
18,0.040957917999999996
19,0.06713701799999999
20,0.19281394100000002
21,0.063007069
22,0.077060308
23,0.186975095
24,0.095381837
25,0.063699866
26,0.093091655
27,0.072745268
28,0.039472582
29,0.083163346
30,0.047465765
31,0.08889438699999999
32,0.101124144
33,0.055843132999999996
34,0.08656525300000001
35,0.18388592
36,0.06798854900000001
37,0.039998312
38,0.081652322
39,0.04532217
40,0.077652581
41,0.059775075999999996
42,0.090087164
43,0.163570759
44,0.079337509
45,0.186021385
46,0.089156515
47,0.071273562
48,0.051639001
49,0.061771817
50,0.08972305900000001
51,0.12468377800000001
52,0.031658743999999996
53,0.024671402999999998
54,0.168912568
55,0.07795856
56,0.022076308
57,0.075734964
58,0.087948165
59,0.061958725
60,0.058423767
61,0.15227735
62,0.14709836699999998
63,0.11569804199999999
64,0.133192065
65,0.104875602
66,0.17578463100000002
67,0.08549087300000001
68,0.11108089300000001
69,0.036640721
70,0.089233038
71,0.036791981
72,0.13878854
73,0.037073168
74,0.08942496400000001
75,0.053600861
76,0.044343068
77,0.07460695099999999
78,0.049987678
79,0.030118466
80,0.175780541
81,0.073435606
82,0.031526091
83,0.089698183
84,0.190934135
85,0.050866077
86,0.060695999
87,0.097556028
88,0.035511979
89,0.067840148
90,0.066011387
91,0.044854713
92,0.088934495
93,0.09406103099999999
94,0.029893237000000003
95,0.088439484
96,0.05315485599999999
97,0.153031738
98,0.107967069
99,0.076088575
100,0.10087847
101,0.12684493300000002
102,0.101917386
103,0.064712345
104,0.042217944
105,0.066675232
106,0.091982526
107,0.09971241199999999
108,0.067027673
109,0.18999031
110,0.16245305300000001
111,0.119091431
112,0.039246902
113,0.037732773
114,0.025225527
115,0.06134581
116,0.040900438
117,0.034432178
118,0.07792640299999999
119,0.084877074
120,0.038557176
121,0.036649059
122,0.040215755
123,0.029531673999999997
124,0.034250999
125,0.025549823
126,0.07054068200000001
127,0.114858219
128,0.183975897
129,0.092739855
130,0.164486174
131,0.047970661
132,0.05161912
133,0.059930144000000005
134,0.091589882
135,0.061781285
136,0.047404854
137,0.058172602000000004
138,0.07331359400000001
139,0.052967024
140,0.060323323
141,0.091911525
142,0.022372717
143,0.08920966300000001
144,0.12485086599999999
145,0.13085375300000002
146,0.13459559599999998
147,0.132281562
148,0.070263257
149,0.070333997
150,0.08378261
151,0.065847055
152,0.11821277699999999
153,0.133082344
154,0.127744626
155,0.070142897
156,0.15124628099999998
157,0.16927481100000003
158,0.09197588400000001
159,0.072544869
160,0.081539198
161,0.10455114300000001
162,0.032495819
163,0.070063295
164,0.105154729
165,0.093131264
166,0.075150263
167,0.087742976
168,0.100242673
169,0.145126164
170,0.087512415
171,0.199750295
172,0.138318364
173,0.126410792
174,0.142373832
175,0.13272941800000002
176,0.199616563
177,0.094722461
178,0.147765394
179,0.096581721
180,0.160135902
181,0.164441536
182,0.171107079
183,0.116186335
184,0.14017146
185,0.154886826
186,0.08622730699999999
187,0.030120761
188,0.020819847
189,0.14688199999999998
190,0.017993725
191,0.073609857
192,0.032959098
193,0.037527589
194,0.071611823
195,0.17796234
196,0.025131795
197,0.028579929
198,0.088667135
199,0.068782363
200,0.11936635699999999
201,0.090304555
202,0.092007428
203,0.066210967
204,0.090698057
205,0.090812865
206,0.06636969
207,0.133428649
208,0.038963634
209,0.09471368599999999
210,0.082540132
211,0.191343134
212,0.053047252999999996
213,0.06246168
214,0.078711301
215,0.09396103900000001
216,0.078301433
217,0.0984635
218,0.074965777
219,0.07465431
220,0.08931394599999999
221,0.156487657
222,0.110697638
223,0.197118557
224,0.052670198
225,0.14421957
226,0.101660895
227,0.119892365
228,0.110018053
229,0.062338758
230,0.05404352900000001
231,0.058291372
232,0.064931712
233,0.070782924
234,0.141259212
235,0.0814367
236,0.132823791
237,0.09777445
238,0.097025518
239,0.128540494
240,0.051938245
241,0.040157929
242,0.089346549
243,0.074048133
244,0.058852459
245,0.093003049
246,0.055566245
247,0.096781299
248,0.037034801
249,0.030093002
250,0.060576745
251,0.19619779399999998
252,0.041074302
253,0.123220673
254,0.081745632
255,0.042901442000000005
256,0.043181897999999996
257,0.08354276
258,0.060021301
259,0.047789929
260,0.165754963
261,0.104734224
262,0.141753594
263,0.15208679
264,0.14857893
265,0.081203687
266,0.07270444400000001
267,0.033302704
268,0.139193636
269,0.09650989900000001
270,0.151834256
271,0.066554585
272,0.046886345999999995
273,0.19169395
274,0.044351134
275,0.125037276
276,0.07052646
277,0.110470551
278,0.173838038
279,0.032230049
280,0.066138609
281,0.072287242
282,0.19573342600000002
283,0.074456127
284,0.0403203
285,0.025692881
286,0.056550526
287,0.055831715999999997
288,0.070690899
289,0.083483417
290,0.082040628
291,0.049576447
292,0.12016379999999999
293,0.15384423
294,0.033017026
295,0.076109216
296,0.028215775
297,0.030884566000000002
298,0.049169964000000004
299,0.14675222300000001
300,0.050909947000000004
301,0.143921199
302,0.174829261
303,0.06471734
304,0.09913982699999999
305,0.08733182699999999
306,0.106432335
307,0.07224617
308,0.17828527100000002
309,0.05304276
310,0.145757896
311,0.15031481900000002
312,0.13055094
313,0.19916878
314,0.037813709
315,0.12162891
316,0.080207577
317,0.09262319
318,0.155546987
319,0.081193657
320,0.067558303
321,0.057051511
322,0.027332297000000002
323,0.105970921
324,0.076144176
325,0.158756535
326,0.019742011
327,0.151105383
328,0.053446757000000004
329,0.080832787
330,0.028245057999999997
331,0.048158079000000006
332,0.09355232699999999
333,0.130233037
334,0.148248068
335,0.106021514
336,0.039839493999999996
337,0.058469927000000005
338,0.034981481
339,0.055119362000000005
340,0.131097579
341,0.17596077899999998
342,0.12263563300000001
343,0.131808861
344,0.061675567
345,0.047340553
346,0.053327026
347,0.08354568700000001
348,0.127594562
349,0.084861729
350,0.081768151
351,0.054291529000000005
352,0.09587837199999999
353,0.132939755
354,0.088516154
355,0.03055919
356,0.18292977800000002
357,0.063640568
